50652
73154
52058
90608
41021
10763
71222
24000
72185
3016
84445
25684
78840
88853
29406
7561
98323
85536
25760
66738
11220
31675
61200
49167
90211
38168
75666
79318
31228
92479
70336
78748
46163
96069
33863
25530
1454
99972
17220
96936
89560
4104
96994
35894
29346
63699
19745
87229
37273
76624
83656
87269
88427
764
35824
69053
76929
5512
69207
44821
2196
15236
69507
18827
14114
78059
74114
66725
73952
15609
22786
32930
36008
79381
44258
74213
61532
71776
74168
79037
9071
22003
5805
72358
20893
3342
17967
82876
34333
57588
52504
8816
16179
35240
47525
9053
91207
40571
25657
96617
1887
84165
97045
19113
51250
99021
29052
13950
14327
56249
90344
98543
87909
65878
24207
68147
67391
72811
48590
49897
3947
95685
8946
14894
20082
4215
27937
3100
48482
49374
71704
74206
17367
91559
35125
5423
17237
83529
5488
39497
58701
21999
18706
40733
18131
73728
70908
30642
39308
36974
78268
18738
65547
98186
19642
86950
24062
86210
87565
10138
85632
15932
85832
29941
75854
88639
27996
85736
77538
53360
77171
6075
48915
53829
56552
84511
17914
41078
46794
3994
50362
31143
75303
56559
76743
31630
56255
12781
56121
38306
81366
64196
78917
45331
41727
57345
14055
51792
31648
36352
49206
60129
39501
92001
51241
96008
31811
53429
33879
81575
39809
64383
71883
96833
67447
83656
42133
66328
56805
71545
66858
99181
11480
57366
21709
51203
424
64097
99102
79002
96424
69710
97877
23551
31247
92320
55633
27819
35559
87189
76108
3574
35371
43771
17510
22913
71471
31380
63196
39524
94154
78977
51780
10075
4158
92184
2945
6634
187
8229
5321
61061
57945
73466
9971
34119
27459
12257
96438
23757
95761
46679
50458
42932
4848
12633
97661
1818
32758
36539
42294
68370
32872
1644
30440
79365
14134
76315
19331
39570
27258
78433
24902
38737
69156
77935
23614
7044
52447
5253
37132
564
83085
89330
62279
44959
90717
71870
54553
68927
32538
65050
50071
90047
52943
54069
35987
90960
13226
90757
6738
63797
83827
74045
87425
91748
33076
16512
69570
4662
23613
2572
96086
74747
33158
80495
77677
64104
4088
49506
63753
87441
64186
46523
13522
73783
44826
93894
75495
74137
15057
65342
6158
64873
17904
94047
21151
46152
29978
90667
50676
1494
5705
3626
99082
63760
27423
2363
78354
79841
76543
99805
36451
82897
92944
71274
61105
14562
38733
93993
48644
43654
78831
87587
71246
98727
88578
5126
1890
67768
40607
38600
90530
17086
44643
84799
66916
57068
87242
16899
94240
99797
45753
11456
78704
71101
86532
4241
29321
39700
9628
26531
38669
68961
3604
25372
13057
45170
85132
2116
63109
38144
71274
74145
70286
39320
97161
94461
33923
60182
84225
22897
1825
36713
51321
90766
51978
81619
67944
30987
9251
60643
34678
99861
81388
77706
76154
82032
58873
26785
90668
13322
72957
76354
11563
53382
51058
79425
29805
22373
18883
98654
54602
18088
38568
97279
43938
29039
86107
4396
73107
46585
92194
21194
10858
41737
34891
250
74285
69559
57552
6906
24280
40084
34952
9401
15512
35425
77521
51326
45562
4238
91902
33866
20510
21024
12001
78102
97
27532
35503
79789
99364
30142
72738
84602
6416
24187
89240
47226
52387
87050
71119
74676
92946
13862
76960
47282
34464
37194
67297
89104
6988
36421
20985
15066
53421
14136
38827
75167
91612
17494
91162
48414
52999
50271
79524
66587
56716
81802
43346
52911
42748
75874
95853
29350
98111
35989
4230
55915
9912
6672
92356
23709
60326
88177
58602
33019
72064
31705
14411
96252
47025
81865
33264
87998
15338
51172
40323
67439
48801
2988
47834
58370
70409
83661
25469
78243
60762
1750
32374
21584
62017
52945
16536
96976
48230
87740
27663
14956
52227
42825
55377
46073
64541
83483
24267
11309
48611
54122
54077
46818
47716
59534
81047
25176
77955
13112
87438
2734
61048
50765
81303
56984
32766
36538
21218
22596
91838
26609
16076
15097
56446
69175
41052
16188
64850
86171
80019
5784
29823
9407
85891
8867
7822
1743
22524
96468
61737
73453
73870
29743
19771
52028
57883
14510
62640
39734
7198
43762
94840
73146
95060
49543
9888
37479
41734
45357
27100
57564
85869
56153
73513
51329
65509
17379
14339
67195
75577
56409
52249
57282
28753
22318
74354
21980
30480
4629
40998
74146
72175
59486
63453
7489
75459
36408
77740
43398
78274
99082
79520
33922
77838
19395
13203
98212
7821
225
84003
89458
82267
63529
65887
2908
33261
25217
57222
58002
83604
73910
92868
79529
26705
15449
3255
76495
68134
33064
37104
40941
54415
71845
91141
84045
10087
62674
54895
74272
48058
69575
73767
52736
91204
4776
5514
68546
93904
62006
93483
31666
45488
97923
35750
67924
5853
2384
608
31641
33566
82994
43487
53395
20791
59591
57969
1239
4685
37324
95903
60343
9252
71380
18154
57191
39766
80836
76767
23143
58368
56006
65302
52312
97645
36805
32212
27612
74187
94147
98885
69117
74176
78102
35658
43414
58672
41853
61528
2938
61178
44550
75549
24761
55913
91965
16908
36393
94922
36557
99779
28479
56934
8650
56890
48453
1860
63069
45211
488
68665
60526
44761
22022
97913
94237
17331
84704
24053
99981
83858
64994
20701
422
76791
7949
52750
88325
28378
93942
54860
89303
46615
36173
84373
24346
32397
87306
47998
60101
96347
51918
74365
77283
56612
24080
77656
39958
68711
25490
69587
56318
99244
88042
67054
74929
95552
47239
21972
23209
25560
23726
31181
25236
76844
82091
75314
77211
32814
36348
28741
33625
14418
66270
43545
72306
11188
16596
14164
45021
77905
59413
60432
86079
85766
24943
52475
81232
68096
7823
27994
19830
31635
52035
617
27953
7275
85724
24671
7458
47001
86250
42112
68160
39805
24516
46889
83006
21226
53532
73880
45207
51380
8038
86437
6808
94966
30990
46827
24065
75844
42616
28033
13890
99374
53719
84676
63400
55104
48206
84230
66507
43764
90811
9884
82001
82672
31324
24607
16623
34002
46031
85736
91222
44044
50142
17989
96903
45304
86344
8026
91884
54214
75826
52618
25337
37275
41474
68176
19755
2021
73244
44790
79017
21278
94844
77573
48258
19255
40343
38825
65664
65884
1693
80556
87742
83133
44864
73192
14943
39412
22771
11185
24821
29212
11458
61196
38008
96351
39054
40003
43182
7577
17113
94871
68058
89073
7296
77876
65599
86696
87023
