97
187
225
250
422
424
488
564
608
617
764
1239
1454
1494
1644
1693
1743
1750
1818
1825
1860
1887
1890
2021
2116
2196
2363
2384
2572
2734
2908
2938
2945
2988
3016
3100
3255
3342
3574
3604
3626
3947
3994
4088
4104
4158
4215
4230
4238
4241
4396
4629
4662
4685
4776
4848
5126
5253
5321
5423
5488
5512
5514
5705
5784
5805
5853
6075
6158
6416
6634
6672
6738
6808
6906
6988
7044
7198
7275
7296
7458
7489
7561
7577
7821
7822
7823
7949
8026
8038
8229
8650
8816
8867
8946
9053
9071
9251
9252
9401
9407
9628
9884
9888
9912
9971
10075
10087
10138
10763
10858
11185
11188
11220
11309
11456
11458
11480
11563
12001
12257
12633
12781
13057
13112
13203
13226
13322
13522
13862
13890
13950
14055
14114
14134
14136
14164
14327
14339
14411
14418
14510
14562
14894
14943
14956
15057
15066
15097
15236
15338
15449
15512
15609
15932
16076
16179
16188
16512
16536
16596
16623
16899
16908
17086
17113
17220
17237
17331
17367
17379
17494
17510
17904
17914
17967
17989
18088
18131
18154
18706
18738
18827
18883
19113
19255
19331
19395
19642
19745
19755
19771
19830
20082
20510
20701
20791
20893
20985
21024
21151
21194
21218
21226
21278
21584
21709
21972
21980
21999
22003
22022
22318
22373
22524
22596
22771
22786
22897
22913
23143
23209
23551
23613
23614
23709
23726
23757
24000
24053
24062
24065
24080
24187
24207
24267
24280
24346
24516
24607
24671
24761
24821
24902
24943
25176
25217
25236
25337
25372
25469
25490
25530
25560
25657
25684
25760
26531
26609
26705
26785
27100
27258
27423
27459
27532
27612
27663
27819
27937
27953
27994
27996
28033
28378
28479
28741
28753
29039
29052
29212
29321
29346
29350
29406
29743
29805
29823
29941
29978
30142
30440
30480
30642
30987
30990
31143
31181
31228
31247
31324
31380
31630
31635
31641
31648
31666
31675
31705
31811
32212
32374
32397
32538
32758
32766
32814
32872
32930
33019
33064
33076
33158
33261
33264
33566
33625
33863
33866
33879
33922
33923
34002
34119
34333
34464
34678
34891
34952
35125
35240
35371
35425
35503
35559
35658
35750
35824
35894
35987
35989
36008
36173
36348
36352
36393
36408
36421
36451
36538
36539
36557
36713
36805
36974
37104
37132
37194
37273
37275
37324
37479
38008
38144
38168
38306
38568
38600
38669
38733
38737
38825
38827
39054
39308
39320
39412
39497
39501
39524
39570
39700
39734
39766
39805
39809
39958
40003
40084
40323
40343
40571
40607
40733
40941
40998
41021
41052
41078
41474
41727
41734
41737
41853
42112
42133
42294
42616
42748
42825
42932
43182
43346
43398
43414
43487
43545
43654
43762
43764
43771
43938
44044
44258
44550
44643
44761
44790
44821
44826
44864
44959
45021
45170
45207
45211
45304
45331
45357
45488
45562
45753
46031
46073
46152
46163
46523
46585
46615
46679
46794
46818
46827
46889
47001
47025
47226
47239
47282
47525
47716
47834
47998
48058
48206
48230
48258
48414
48453
48482
48590
48611
48644
48801
48915
49167
49206
49374
49506
49543
49897
50071
50142
50271
50362
50458
50652
50676
50765
51058
51172
51203
51241
51250
51321
51326
51329
51380
51780
51792
51918
51978
52028
52035
52058
52227
52249
52312
52387
52447
52475
52504
52618
52736
52750
52911
52943
52945
52999
53360
53382
53395
53421
53429
53532
53719
53829
54069
54077
54122
54214
54415
54553
54602
54860
54895
55104
55377
55633
55913
55915
56006
56121
56153
56249
56255
56318
56409
56446
56552
56559
56612
56716
56805
56890
56934
56984
57068
57191
57222
57282
57345
57366
57552
57564
57588
57883
57945
57969
58002
58368
58370
58602
58672
58701
58873
59413
59486
59534
59591
60101
60129
60182
60326
60343
60432
60526
60643
60762
61048
61061
61105
61178
61196
61200
61528
61532
61737
62006
62017
62279
62640
62674
63069
63109
63196
63400
63453
63529
63699
63753
63760
63797
64097
64104
64186
64196
64383
64541
64850
64873
64994
65050
65302
65342
65509
65547
65599
65664
65878
65884
65887
66270
66328
66507
66587
66725
66738
66858
66916
67054
67195
67297
67391
67439
67447
67768
67924
67944
68058
68096
68134
68147
68160
68176
68370
68546
68665
68711
68927
68961
69053
69117
69156
69175
69207
69507
69559
69570
69575
69587
69710
70286
70336
70409
70908
71101
71119
71222
71246
71274
71274
71380
71471
71545
71704
71776
71845
71870
71883
72064
72175
72185
72306
72358
72738
72811
72957
73107
73146
73154
73192
73244
73453
73466
73513
73728
73767
73783
73870
73880
73910
73952
74045
74114
74137
74145
74146
74168
74176
74187
74206
74213
74272
74285
74354
74365
74676
74747
74929
75167
75303
75314
75459
75495
75549
75577
75666
75826
75844
75854
75874
76108
76154
76315
76354
76495
76543
76624
76743
76767
76791
76844
76929
76960
77171
77211
77283
77521
77538
77573
77656
77677
77706
77740
77838
77876
77905
77935
77955
78059
78102
78102
78243
78268
78274
78354
78433
78704
78748
78831
78840
78917
78977
79002
79017
79037
79318
79365
79381
79425
79520
79524
79529
79789
79841
80019
80495
80556
80836
81047
81232
81303
81366
81388
81575
81619
81802
81865
82001
82032
82091
82267
82672
82876
82897
82994
83006
83085
83133
83483
83529
83604
83656
83656
83661
83827
83858
84003
84045
84165
84225
84230
84373
84445
84511
84602
84676
84704
84799
85132
85536
85632
85724
85736
85736
85766
85832
85869
85891
86079
86107
86171
86210
86250
86344
86437
86532
86696
86950
87023
87050
87189
87229
87242
87269
87306
87425
87438
87441
87565
87587
87740
87742
87909
87998
88042
88177
88325
88427
88578
88639
88853
89073
89104
89240
89303
89330
89458
89560
90047
90211
90344
90530
90608
90667
90668
90717
90757
90766
90811
90960
91141
91162
91204
91207
91222
91559
91612
91748
91838
91884
91902
91965
92001
92184
92194
92320
92356
92479
92868
92944
92946
93483
93894
93904
93942
93993
94047
94147
94154
94237
94240
94461
94840
94844
94871
94922
94966
95060
95552
95685
95761
95853
95903
96008
96069
96086
96252
96347
96351
96424
96438
96468
96617
96833
96903
96936
96976
96994
97045
97161
97279
97645
97661
97877
97913
97923
98111
98186
98212
98323
98543
98654
98727
98885
99021
99082
99082
99102
99181
99244
99364
99374
99779
99797
99805
99861
99972
99981
